Datos del problema: 
  - Número de matrices: 6
  - Matrices : 
    - M0 (30x35): 
        1,00     2,00     3,00     4,00     5,00     6,00     7,00     8,00     9,00    10,00     1,00     2,00     3,00     4,00     5,00     6,00     7,00     8,00     9,00    10,00     1,00     2,00     3,00     4,00     5,00     6,00     7,00     8,00     9,00    10,00     1,00     2,00     3,00     4,00     5,00
        1,00     2,00     3,00     4,00     5,00     6,00     7,00     8,00     9,00    10,00     1,00     2,00     3,00     4,00     5,00     6,00     7,00     8,00     9,00    10,00     1,00     2,00     3,00     4,00     5,00     6,00     7,00     8,00     9,00    10,00     1,00     2,00     3,00     4,00     5,00
        1,00     2,00     3,00     4,00     5,00     6,00     7,00     8,00     9,00    10,00     1,00     2,00     3,00     4,00     5,00     6,00     7,00     8,00     9,00    10,00     1,00     2,00     3,00     4,00     5,00     6,00     7,00     8,00     9,00    10,00     1,00     2,00     3,00     4,00     5,00
        1,00     2,00     3,00     4,00     5,00     6,00     7,00     8,00     9,00    10,00     1,00     2,00     3,00     4,00     5,00     6,00     7,00     8,00     9,00    10,00     1,00     2,00     3,00     4,00     5,00     6,00     7,00     8,00     9,00    10,00     1,00     2,00     3,00     4,00     5,00
        1,00     2,00     3,00     4,00     5,00     6,00     7,00     8,00     9,00    10,00     1,00     2,00     3,00     4,00     5,00     6,00     7,00     8,00     9,00    10,00     1,00     2,00     3,00     4,00     5,00     6,00     7,00     8,00     9,00    10,00     1,00     2,00     3,00     4,00     5,00
        1,00     2,00     3,00     4,00     5,00     6,00     7,00     8,00     9,00    10,00     1,00     2,00     3,00     4,00     5,00     6,00     7,00     8,00     9,00    10,00     1,00     2,00     3,00     4,00     5,00     6,00     7,00     8,00     9,00    10,00     1,00     2,00     3,00     4,00     5,00
        1,00     2,00     3,00     4,00     5,00     6,00     7,00     8,00     9,00    10,00     1,00     2,00     3,00     4,00     5,00     6,00     7,00     8,00     9,00    10,00     1,00     2,00     3,00     4,00     5,00     6,00     7,00     8,00     9,00    10,00     1,00     2,00     3,00     4,00     5,00
        1,00     2,00     3,00     4,00     5,00     6,00     7,00     8,00     9,00    10,00     1,00     2,00     3,00     4,00     5,00     6,00     7,00     8,00     9,00    10,00     1,00     2,00     3,00     4,00     5,00     6,00     7,00     8,00     9,00    10,00     1,00     2,00     3,00     4,00     5,00
        1,00     2,00     3,00     4,00     5,00     6,00     7,00     8,00     9,00    10,00     1,00     2,00     3,00     4,00     5,00     6,00     7,00     8,00     9,00    10,00     1,00     2,00     3,00     4,00     5,00     6,00     7,00     8,00     9,00    10,00     1,00     2,00     3,00     4,00     5,00
        1,00     2,00     3,00     4,00     5,00     6,00     7,00     8,00     9,00    10,00     1,00     2,00     3,00     4,00     5,00     6,00     7,00     8,00     9,00    10,00     1,00     2,00     3,00     4,00     5,00     6,00     7,00     8,00     9,00    10,00     1,00     2,00     3,00     4,00     5,00
        1,00     2,00     3,00     4,00     5,00     6,00     7,00     8,00     9,00    10,00     1,00     2,00     3,00     4,00     5,00     6,00     7,00     8,00     9,00    10,00     1,00     2,00     3,00     4,00     5,00     6,00     7,00     8,00     9,00    10,00     1,00     2,00     3,00     4,00     5,00
        1,00     2,00     3,00     4,00     5,00     6,00     7,00     8,00     9,00    10,00     1,00     2,00     3,00     4,00     5,00     6,00     7,00     8,00     9,00    10,00     1,00     2,00     3,00     4,00     5,00     6,00     7,00     8,00     9,00    10,00     1,00     2,00     3,00     4,00     5,00
        1,00     2,00     3,00     4,00     5,00     6,00     7,00     8,00     9,00    10,00     1,00     2,00     3,00     4,00     5,00     6,00     7,00     8,00     9,00    10,00     1,00     2,00     3,00     4,00     5,00     6,00     7,00     8,00     9,00    10,00     1,00     2,00     3,00     4,00     5,00
        1,00     2,00     3,00     4,00     5,00     6,00     7,00     8,00     9,00    10,00     1,00     2,00     3,00     4,00     5,00     6,00     7,00     8,00     9,00    10,00     1,00     2,00     3,00     4,00     5,00     6,00     7,00     8,00     9,00    10,00     1,00     2,00     3,00     4,00     5,00
        1,00     2,00     3,00     4,00     5,00     6,00     7,00     8,00     9,00    10,00     1,00     2,00     3,00     4,00     5,00     6,00     7,00     8,00     9,00    10,00     1,00     2,00     3,00     4,00     5,00     6,00     7,00     8,00     9,00    10,00     1,00     2,00     3,00     4,00     5,00
        1,00     2,00     3,00     4,00     5,00     6,00     7,00     8,00     9,00    10,00     1,00     2,00     3,00     4,00     5,00     6,00     7,00     8,00     9,00    10,00     1,00     2,00     3,00     4,00     5,00     6,00     7,00     8,00     9,00    10,00     1,00     2,00     3,00     4,00     5,00
        1,00     2,00     3,00     4,00     5,00     6,00     7,00     8,00     9,00    10,00     1,00     2,00     3,00     4,00     5,00     6,00     7,00     8,00     9,00    10,00     1,00     2,00     3,00     4,00     5,00     6,00     7,00     8,00     9,00    10,00     1,00     2,00     3,00     4,00     5,00
        1,00     2,00     3,00     4,00     5,00     6,00     7,00     8,00     9,00    10,00     1,00     2,00     3,00     4,00     5,00     6,00     7,00     8,00     9,00    10,00     1,00     2,00     3,00     4,00     5,00     6,00     7,00     8,00     9,00    10,00     1,00     2,00     3,00     4,00     5,00
        1,00     2,00     3,00     4,00     5,00     6,00     7,00     8,00     9,00    10,00     1,00     2,00     3,00     4,00     5,00     6,00     7,00     8,00     9,00    10,00     1,00     2,00     3,00     4,00     5,00     6,00     7,00     8,00     9,00    10,00     1,00     2,00     3,00     4,00     5,00
        1,00     2,00     3,00     4,00     5,00     6,00     7,00     8,00     9,00    10,00     1,00     2,00     3,00     4,00     5,00     6,00     7,00     8,00     9,00    10,00     1,00     2,00     3,00     4,00     5,00     6,00     7,00     8,00     9,00    10,00     1,00     2,00     3,00     4,00     5,00
        1,00     2,00     3,00     4,00     5,00     6,00     7,00     8,00     9,00    10,00     1,00     2,00     3,00     4,00     5,00     6,00     7,00     8,00     9,00    10,00     1,00     2,00     3,00     4,00     5,00     6,00     7,00     8,00     9,00    10,00     1,00     2,00     3,00     4,00     5,00
        1,00     2,00     3,00     4,00     5,00     6,00     7,00     8,00     9,00    10,00     1,00     2,00     3,00     4,00     5,00     6,00     7,00     8,00     9,00    10,00     1,00     2,00     3,00     4,00     5,00     6,00     7,00     8,00     9,00    10,00     1,00     2,00     3,00     4,00     5,00
        1,00     2,00     3,00     4,00     5,00     6,00     7,00     8,00     9,00    10,00     1,00     2,00     3,00     4,00     5,00     6,00     7,00     8,00     9,00    10,00     1,00     2,00     3,00     4,00     5,00     6,00     7,00     8,00     9,00    10,00     1,00     2,00     3,00     4,00     5,00
        1,00     2,00     3,00     4,00     5,00     6,00     7,00     8,00     9,00    10,00     1,00     2,00     3,00     4,00     5,00     6,00     7,00     8,00     9,00    10,00     1,00     2,00     3,00     4,00     5,00     6,00     7,00     8,00     9,00    10,00     1,00     2,00     3,00     4,00     5,00
        1,00     2,00     3,00     4,00     5,00     6,00     7,00     8,00     9,00    10,00     1,00     2,00     3,00     4,00     5,00     6,00     7,00     8,00     9,00    10,00     1,00     2,00     3,00     4,00     5,00     6,00     7,00     8,00     9,00    10,00     1,00     2,00     3,00     4,00     5,00
        1,00     2,00     3,00     4,00     5,00     6,00     7,00     8,00     9,00    10,00     1,00     2,00     3,00     4,00     5,00     6,00     7,00     8,00     9,00    10,00     1,00     2,00     3,00     4,00     5,00     6,00     7,00     8,00     9,00    10,00     1,00     2,00     3,00     4,00     5,00
        1,00     2,00     3,00     4,00     5,00     6,00     7,00     8,00     9,00    10,00     1,00     2,00     3,00     4,00     5,00     6,00     7,00     8,00     9,00    10,00     1,00     2,00     3,00     4,00     5,00     6,00     7,00     8,00     9,00    10,00     1,00     2,00     3,00     4,00     5,00
        1,00     2,00     3,00     4,00     5,00     6,00     7,00     8,00     9,00    10,00     1,00     2,00     3,00     4,00     5,00     6,00     7,00     8,00     9,00    10,00     1,00     2,00     3,00     4,00     5,00     6,00     7,00     8,00     9,00    10,00     1,00     2,00     3,00     4,00     5,00
        1,00     2,00     3,00     4,00     5,00     6,00     7,00     8,00     9,00    10,00     1,00     2,00     3,00     4,00     5,00     6,00     7,00     8,00     9,00    10,00     1,00     2,00     3,00     4,00     5,00     6,00     7,00     8,00     9,00    10,00     1,00     2,00     3,00     4,00     5,00
        1,00     2,00     3,00     4,00     5,00     6,00     7,00     8,00     9,00    10,00     1,00     2,00     3,00     4,00     5,00     6,00     7,00     8,00     9,00    10,00     1,00     2,00     3,00     4,00     5,00     6,00     7,00     8,00     9,00    10,00     1,00     2,00     3,00     4,00     5,00
    - M1 (35x15): 
        1,00     2,00     3,00     4,00     5,00     6,00     7,00     8,00     9,00    10,00     1,00     2,00     3,00     4,00     5,00
        1,00     2,00     3,00     4,00     5,00     6,00     7,00     8,00     9,00    10,00     1,00     2,00     3,00     4,00     5,00
        1,00     2,00     3,00     4,00     5,00     6,00     7,00     8,00     9,00    10,00     1,00     2,00     3,00     4,00     5,00
        1,00     2,00     3,00     4,00     5,00     6,00     7,00     8,00     9,00    10,00     1,00     2,00     3,00     4,00     5,00
        1,00     2,00     3,00     4,00     5,00     6,00     7,00     8,00     9,00    10,00     1,00     2,00     3,00     4,00     5,00
        1,00     2,00     3,00     4,00     5,00     6,00     7,00     8,00     9,00    10,00     1,00     2,00     3,00     4,00     5,00
        1,00     2,00     3,00     4,00     5,00     6,00     7,00     8,00     9,00    10,00     1,00     2,00     3,00     4,00     5,00
        1,00     2,00     3,00     4,00     5,00     6,00     7,00     8,00     9,00    10,00     1,00     2,00     3,00     4,00     5,00
        1,00     2,00     3,00     4,00     5,00     6,00     7,00     8,00     9,00    10,00     1,00     2,00     3,00     4,00     5,00
        1,00     2,00     3,00     4,00     5,00     6,00     7,00     8,00     9,00    10,00     1,00     2,00     3,00     4,00     5,00
        1,00     2,00     3,00     4,00     5,00     6,00     7,00     8,00     9,00    10,00     1,00     2,00     3,00     4,00     5,00
        1,00     2,00     3,00     4,00     5,00     6,00     7,00     8,00     9,00    10,00     1,00     2,00     3,00     4,00     5,00
        1,00     2,00     3,00     4,00     5,00     6,00     7,00     8,00     9,00    10,00     1,00     2,00     3,00     4,00     5,00
        1,00     2,00     3,00     4,00     5,00     6,00     7,00     8,00     9,00    10,00     1,00     2,00     3,00     4,00     5,00
        1,00     2,00     3,00     4,00     5,00     6,00     7,00     8,00     9,00    10,00     1,00     2,00     3,00     4,00     5,00
        1,00     2,00     3,00     4,00     5,00     6,00     7,00     8,00     9,00    10,00     1,00     2,00     3,00     4,00     5,00
        1,00     2,00     3,00     4,00     5,00     6,00     7,00     8,00     9,00    10,00     1,00     2,00     3,00     4,00     5,00
        1,00     2,00     3,00     4,00     5,00     6,00     7,00     8,00     9,00    10,00     1,00     2,00     3,00     4,00     5,00
        1,00     2,00     3,00     4,00     5,00     6,00     7,00     8,00     9,00    10,00     1,00     2,00     3,00     4,00     5,00
        1,00     2,00     3,00     4,00     5,00     6,00     7,00     8,00     9,00    10,00     1,00     2,00     3,00     4,00     5,00
        1,00     2,00     3,00     4,00     5,00     6,00     7,00     8,00     9,00    10,00     1,00     2,00     3,00     4,00     5,00
        1,00     2,00     3,00     4,00     5,00     6,00     7,00     8,00     9,00    10,00     1,00     2,00     3,00     4,00     5,00
        1,00     2,00     3,00     4,00     5,00     6,00     7,00     8,00     9,00    10,00     1,00     2,00     3,00     4,00     5,00
        1,00     2,00     3,00     4,00     5,00     6,00     7,00     8,00     9,00    10,00     1,00     2,00     3,00     4,00     5,00
        1,00     2,00     3,00     4,00     5,00     6,00     7,00     8,00     9,00    10,00     1,00     2,00     3,00     4,00     5,00
        1,00     2,00     3,00     4,00     5,00     6,00     7,00     8,00     9,00    10,00     1,00     2,00     3,00     4,00     5,00
        1,00     2,00     3,00     4,00     5,00     6,00     7,00     8,00     9,00    10,00     1,00     2,00     3,00     4,00     5,00
        1,00     2,00     3,00     4,00     5,00     6,00     7,00     8,00     9,00    10,00     1,00     2,00     3,00     4,00     5,00
        1,00     2,00     3,00     4,00     5,00     6,00     7,00     8,00     9,00    10,00     1,00     2,00     3,00     4,00     5,00
        1,00     2,00     3,00     4,00     5,00     6,00     7,00     8,00     9,00    10,00     1,00     2,00     3,00     4,00     5,00
        1,00     2,00     3,00     4,00     5,00     6,00     7,00     8,00     9,00    10,00     1,00     2,00     3,00     4,00     5,00
        1,00     2,00     3,00     4,00     5,00     6,00     7,00     8,00     9,00    10,00     1,00     2,00     3,00     4,00     5,00
        1,00     2,00     3,00     4,00     5,00     6,00     7,00     8,00     9,00    10,00     1,00     2,00     3,00     4,00     5,00
        1,00     2,00     3,00     4,00     5,00     6,00     7,00     8,00     9,00    10,00     1,00     2,00     3,00     4,00     5,00
        1,00     2,00     3,00     4,00     5,00     6,00     7,00     8,00     9,00    10,00     1,00     2,00     3,00     4,00     5,00
    - M2 (15x5): 
        1,00     2,00     3,00     4,00     5,00
        1,00     2,00     3,00     4,00     5,00
        1,00     2,00     3,00     4,00     5,00
        1,00     2,00     3,00     4,00     5,00
        1,00     2,00     3,00     4,00     5,00
        1,00     2,00     3,00     4,00     5,00
        1,00     2,00     3,00     4,00     5,00
        1,00     2,00     3,00     4,00     5,00
        1,00     2,00     3,00     4,00     5,00
        1,00     2,00     3,00     4,00     5,00
        1,00     2,00     3,00     4,00     5,00
        1,00     2,00     3,00     4,00     5,00
        1,00     2,00     3,00     4,00     5,00
        1,00     2,00     3,00     4,00     5,00
        1,00     2,00     3,00     4,00     5,00
    - M3 (5x10): 
        1,00     2,00     3,00     4,00     5,00     6,00     7,00     8,00     9,00    10,00
        1,00     2,00     3,00     4,00     5,00     6,00     7,00     8,00     9,00    10,00
        1,00     2,00     3,00     4,00     5,00     6,00     7,00     8,00     9,00    10,00
        1,00     2,00     3,00     4,00     5,00     6,00     7,00     8,00     9,00    10,00
        1,00     2,00     3,00     4,00     5,00     6,00     7,00     8,00     9,00    10,00
    - M4 (10x20): 
        1,00     2,00     3,00     4,00     5,00     6,00     7,00     8,00     9,00    10,00     1,00     2,00     3,00     4,00     5,00     6,00     7,00     8,00     9,00    10,00
        1,00     2,00     3,00     4,00     5,00     6,00     7,00     8,00     9,00    10,00     1,00     2,00     3,00     4,00     5,00     6,00     7,00     8,00     9,00    10,00
        1,00     2,00     3,00     4,00     5,00     6,00     7,00     8,00     9,00    10,00     1,00     2,00     3,00     4,00     5,00     6,00     7,00     8,00     9,00    10,00
        1,00     2,00     3,00     4,00     5,00     6,00     7,00     8,00     9,00    10,00     1,00     2,00     3,00     4,00     5,00     6,00     7,00     8,00     9,00    10,00
        1,00     2,00     3,00     4,00     5,00     6,00     7,00     8,00     9,00    10,00     1,00     2,00     3,00     4,00     5,00     6,00     7,00     8,00     9,00    10,00
        1,00     2,00     3,00     4,00     5,00     6,00     7,00     8,00     9,00    10,00     1,00     2,00     3,00     4,00     5,00     6,00     7,00     8,00     9,00    10,00
        1,00     2,00     3,00     4,00     5,00     6,00     7,00     8,00     9,00    10,00     1,00     2,00     3,00     4,00     5,00     6,00     7,00     8,00     9,00    10,00
        1,00     2,00     3,00     4,00     5,00     6,00     7,00     8,00     9,00    10,00     1,00     2,00     3,00     4,00     5,00     6,00     7,00     8,00     9,00    10,00
        1,00     2,00     3,00     4,00     5,00     6,00     7,00     8,00     9,00    10,00     1,00     2,00     3,00     4,00     5,00     6,00     7,00     8,00     9,00    10,00
        1,00     2,00     3,00     4,00     5,00     6,00     7,00     8,00     9,00    10,00     1,00     2,00     3,00     4,00     5,00     6,00     7,00     8,00     9,00    10,00
    - M5 (20x25): 
        1,00     2,00     3,00     4,00     5,00     6,00     7,00     8,00     9,00    10,00     1,00     2,00     3,00     4,00     5,00     6,00     7,00     8,00     9,00    10,00     1,00     2,00     3,00     4,00     5,00
        1,00     2,00     3,00     4,00     5,00     6,00     7,00     8,00     9,00    10,00     1,00     2,00     3,00     4,00     5,00     6,00     7,00     8,00     9,00    10,00     1,00     2,00     3,00     4,00     5,00
        1,00     2,00     3,00     4,00     5,00     6,00     7,00     8,00     9,00    10,00     1,00     2,00     3,00     4,00     5,00     6,00     7,00     8,00     9,00    10,00     1,00     2,00     3,00     4,00     5,00
        1,00     2,00     3,00     4,00     5,00     6,00     7,00     8,00     9,00    10,00     1,00     2,00     3,00     4,00     5,00     6,00     7,00     8,00     9,00    10,00     1,00     2,00     3,00     4,00     5,00
        1,00     2,00     3,00     4,00     5,00     6,00     7,00     8,00     9,00    10,00     1,00     2,00     3,00     4,00     5,00     6,00     7,00     8,00     9,00    10,00     1,00     2,00     3,00     4,00     5,00
        1,00     2,00     3,00     4,00     5,00     6,00     7,00     8,00     9,00    10,00     1,00     2,00     3,00     4,00     5,00     6,00     7,00     8,00     9,00    10,00     1,00     2,00     3,00     4,00     5,00
        1,00     2,00     3,00     4,00     5,00     6,00     7,00     8,00     9,00    10,00     1,00     2,00     3,00     4,00     5,00     6,00     7,00     8,00     9,00    10,00     1,00     2,00     3,00     4,00     5,00
        1,00     2,00     3,00     4,00     5,00     6,00     7,00     8,00     9,00    10,00     1,00     2,00     3,00     4,00     5,00     6,00     7,00     8,00     9,00    10,00     1,00     2,00     3,00     4,00     5,00
        1,00     2,00     3,00     4,00     5,00     6,00     7,00     8,00     9,00    10,00     1,00     2,00     3,00     4,00     5,00     6,00     7,00     8,00     9,00    10,00     1,00     2,00     3,00     4,00     5,00
        1,00     2,00     3,00     4,00     5,00     6,00     7,00     8,00     9,00    10,00     1,00     2,00     3,00     4,00     5,00     6,00     7,00     8,00     9,00    10,00     1,00     2,00     3,00     4,00     5,00
        1,00     2,00     3,00     4,00     5,00     6,00     7,00     8,00     9,00    10,00     1,00     2,00     3,00     4,00     5,00     6,00     7,00     8,00     9,00    10,00     1,00     2,00     3,00     4,00     5,00
        1,00     2,00     3,00     4,00     5,00     6,00     7,00     8,00     9,00    10,00     1,00     2,00     3,00     4,00     5,00     6,00     7,00     8,00     9,00    10,00     1,00     2,00     3,00     4,00     5,00
        1,00     2,00     3,00     4,00     5,00     6,00     7,00     8,00     9,00    10,00     1,00     2,00     3,00     4,00     5,00     6,00     7,00     8,00     9,00    10,00     1,00     2,00     3,00     4,00     5,00
        1,00     2,00     3,00     4,00     5,00     6,00     7,00     8,00     9,00    10,00     1,00     2,00     3,00     4,00     5,00     6,00     7,00     8,00     9,00    10,00     1,00     2,00     3,00     4,00     5,00
        1,00     2,00     3,00     4,00     5,00     6,00     7,00     8,00     9,00    10,00     1,00     2,00     3,00     4,00     5,00     6,00     7,00     8,00     9,00    10,00     1,00     2,00     3,00     4,00     5,00
        1,00     2,00     3,00     4,00     5,00     6,00     7,00     8,00     9,00    10,00     1,00     2,00     3,00     4,00     5,00     6,00     7,00     8,00     9,00    10,00     1,00     2,00     3,00     4,00     5,00
        1,00     2,00     3,00     4,00     5,00     6,00     7,00     8,00     9,00    10,00     1,00     2,00     3,00     4,00     5,00     6,00     7,00     8,00     9,00    10,00     1,00     2,00     3,00     4,00     5,00
        1,00     2,00     3,00     4,00     5,00     6,00     7,00     8,00     9,00    10,00     1,00     2,00     3,00     4,00     5,00     6,00     7,00     8,00     9,00    10,00     1,00     2,00     3,00     4,00     5,00
        1,00     2,00     3,00     4,00     5,00     6,00     7,00     8,00     9,00    10,00     1,00     2,00     3,00     4,00     5,00     6,00     7,00     8,00     9,00    10,00     1,00     2,00     3,00     4,00     5,00
        1,00     2,00     3,00     4,00     5,00     6,00     7,00     8,00     9,00    10,00     1,00     2,00     3,00     4,00     5,00     6,00     7,00     8,00     9,00    10,00     1,00     2,00     3,00     4,00     5,00
Asociación: ((M0*(M1*M2))*((M3*M4)*M5))
Operaciones: 15125
Matriz resultado de dimensiones 30x25:
    1143450000,00 2286900000,00 3430350000,00 4573800000,00 5717250000,00 6860700000,00 8004150000,00 9147600000,00 10291050000,00 11434500000,00 1143450000,00 2286900000,00 3430350000,00 4573800000,00 5717250000,00 6860700000,00 8004150000,00 9147600000,00 10291050000,00 11434500000,00 1143450000,00 2286900000,00 3430350000,00 4573800000,00 5717250000,00
    1143450000,00 2286900000,00 3430350000,00 4573800000,00 5717250000,00 6860700000,00 8004150000,00 9147600000,00 10291050000,00 11434500000,00 1143450000,00 2286900000,00 3430350000,00 4573800000,00 5717250000,00 6860700000,00 8004150000,00 9147600000,00 10291050000,00 11434500000,00 1143450000,00 2286900000,00 3430350000,00 4573800000,00 5717250000,00
    1143450000,00 2286900000,00 3430350000,00 4573800000,00 5717250000,00 6860700000,00 8004150000,00 9147600000,00 10291050000,00 11434500000,00 1143450000,00 2286900000,00 3430350000,00 4573800000,00 5717250000,00 6860700000,00 8004150000,00 9147600000,00 10291050000,00 11434500000,00 1143450000,00 2286900000,00 3430350000,00 4573800000,00 5717250000,00
    1143450000,00 2286900000,00 3430350000,00 4573800000,00 5717250000,00 6860700000,00 8004150000,00 9147600000,00 10291050000,00 11434500000,00 1143450000,00 2286900000,00 3430350000,00 4573800000,00 5717250000,00 6860700000,00 8004150000,00 9147600000,00 10291050000,00 11434500000,00 1143450000,00 2286900000,00 3430350000,00 4573800000,00 5717250000,00
    1143450000,00 2286900000,00 3430350000,00 4573800000,00 5717250000,00 6860700000,00 8004150000,00 9147600000,00 10291050000,00 11434500000,00 1143450000,00 2286900000,00 3430350000,00 4573800000,00 5717250000,00 6860700000,00 8004150000,00 9147600000,00 10291050000,00 11434500000,00 1143450000,00 2286900000,00 3430350000,00 4573800000,00 5717250000,00
    1143450000,00 2286900000,00 3430350000,00 4573800000,00 5717250000,00 6860700000,00 8004150000,00 9147600000,00 10291050000,00 11434500000,00 1143450000,00 2286900000,00 3430350000,00 4573800000,00 5717250000,00 6860700000,00 8004150000,00 9147600000,00 10291050000,00 11434500000,00 1143450000,00 2286900000,00 3430350000,00 4573800000,00 5717250000,00
    1143450000,00 2286900000,00 3430350000,00 4573800000,00 5717250000,00 6860700000,00 8004150000,00 9147600000,00 10291050000,00 11434500000,00 1143450000,00 2286900000,00 3430350000,00 4573800000,00 5717250000,00 6860700000,00 8004150000,00 9147600000,00 10291050000,00 11434500000,00 1143450000,00 2286900000,00 3430350000,00 4573800000,00 5717250000,00
    1143450000,00 2286900000,00 3430350000,00 4573800000,00 5717250000,00 6860700000,00 8004150000,00 9147600000,00 10291050000,00 11434500000,00 1143450000,00 2286900000,00 3430350000,00 4573800000,00 5717250000,00 6860700000,00 8004150000,00 9147600000,00 10291050000,00 11434500000,00 1143450000,00 2286900000,00 3430350000,00 4573800000,00 5717250000,00
    1143450000,00 2286900000,00 3430350000,00 4573800000,00 5717250000,00 6860700000,00 8004150000,00 9147600000,00 10291050000,00 11434500000,00 1143450000,00 2286900000,00 3430350000,00 4573800000,00 5717250000,00 6860700000,00 8004150000,00 9147600000,00 10291050000,00 11434500000,00 1143450000,00 2286900000,00 3430350000,00 4573800000,00 5717250000,00
    1143450000,00 2286900000,00 3430350000,00 4573800000,00 5717250000,00 6860700000,00 8004150000,00 9147600000,00 10291050000,00 11434500000,00 1143450000,00 2286900000,00 3430350000,00 4573800000,00 5717250000,00 6860700000,00 8004150000,00 9147600000,00 10291050000,00 11434500000,00 1143450000,00 2286900000,00 3430350000,00 4573800000,00 5717250000,00
    1143450000,00 2286900000,00 3430350000,00 4573800000,00 5717250000,00 6860700000,00 8004150000,00 9147600000,00 10291050000,00 11434500000,00 1143450000,00 2286900000,00 3430350000,00 4573800000,00 5717250000,00 6860700000,00 8004150000,00 9147600000,00 10291050000,00 11434500000,00 1143450000,00 2286900000,00 3430350000,00 4573800000,00 5717250000,00
    1143450000,00 2286900000,00 3430350000,00 4573800000,00 5717250000,00 6860700000,00 8004150000,00 9147600000,00 10291050000,00 11434500000,00 1143450000,00 2286900000,00 3430350000,00 4573800000,00 5717250000,00 6860700000,00 8004150000,00 9147600000,00 10291050000,00 11434500000,00 1143450000,00 2286900000,00 3430350000,00 4573800000,00 5717250000,00
    1143450000,00 2286900000,00 3430350000,00 4573800000,00 5717250000,00 6860700000,00 8004150000,00 9147600000,00 10291050000,00 11434500000,00 1143450000,00 2286900000,00 3430350000,00 4573800000,00 5717250000,00 6860700000,00 8004150000,00 9147600000,00 10291050000,00 11434500000,00 1143450000,00 2286900000,00 3430350000,00 4573800000,00 5717250000,00
    1143450000,00 2286900000,00 3430350000,00 4573800000,00 5717250000,00 6860700000,00 8004150000,00 9147600000,00 10291050000,00 11434500000,00 1143450000,00 2286900000,00 3430350000,00 4573800000,00 5717250000,00 6860700000,00 8004150000,00 9147600000,00 10291050000,00 11434500000,00 1143450000,00 2286900000,00 3430350000,00 4573800000,00 5717250000,00
    1143450000,00 2286900000,00 3430350000,00 4573800000,00 5717250000,00 6860700000,00 8004150000,00 9147600000,00 10291050000,00 11434500000,00 1143450000,00 2286900000,00 3430350000,00 4573800000,00 5717250000,00 6860700000,00 8004150000,00 9147600000,00 10291050000,00 11434500000,00 1143450000,00 2286900000,00 3430350000,00 4573800000,00 5717250000,00
    1143450000,00 2286900000,00 3430350000,00 4573800000,00 5717250000,00 6860700000,00 8004150000,00 9147600000,00 10291050000,00 11434500000,00 1143450000,00 2286900000,00 3430350000,00 4573800000,00 5717250000,00 6860700000,00 8004150000,00 9147600000,00 10291050000,00 11434500000,00 1143450000,00 2286900000,00 3430350000,00 4573800000,00 5717250000,00
    1143450000,00 2286900000,00 3430350000,00 4573800000,00 5717250000,00 6860700000,00 8004150000,00 9147600000,00 10291050000,00 11434500000,00 1143450000,00 2286900000,00 3430350000,00 4573800000,00 5717250000,00 6860700000,00 8004150000,00 9147600000,00 10291050000,00 11434500000,00 1143450000,00 2286900000,00 3430350000,00 4573800000,00 5717250000,00
    1143450000,00 2286900000,00 3430350000,00 4573800000,00 5717250000,00 6860700000,00 8004150000,00 9147600000,00 10291050000,00 11434500000,00 1143450000,00 2286900000,00 3430350000,00 4573800000,00 5717250000,00 6860700000,00 8004150000,00 9147600000,00 10291050000,00 11434500000,00 1143450000,00 2286900000,00 3430350000,00 4573800000,00 5717250000,00
    1143450000,00 2286900000,00 3430350000,00 4573800000,00 5717250000,00 6860700000,00 8004150000,00 9147600000,00 10291050000,00 11434500000,00 1143450000,00 2286900000,00 3430350000,00 4573800000,00 5717250000,00 6860700000,00 8004150000,00 9147600000,00 10291050000,00 11434500000,00 1143450000,00 2286900000,00 3430350000,00 4573800000,00 5717250000,00
    1143450000,00 2286900000,00 3430350000,00 4573800000,00 5717250000,00 6860700000,00 8004150000,00 9147600000,00 10291050000,00 11434500000,00 1143450000,00 2286900000,00 3430350000,00 4573800000,00 5717250000,00 6860700000,00 8004150000,00 9147600000,00 10291050000,00 11434500000,00 1143450000,00 2286900000,00 3430350000,00 4573800000,00 5717250000,00
    1143450000,00 2286900000,00 3430350000,00 4573800000,00 5717250000,00 6860700000,00 8004150000,00 9147600000,00 10291050000,00 11434500000,00 1143450000,00 2286900000,00 3430350000,00 4573800000,00 5717250000,00 6860700000,00 8004150000,00 9147600000,00 10291050000,00 11434500000,00 1143450000,00 2286900000,00 3430350000,00 4573800000,00 5717250000,00
    1143450000,00 2286900000,00 3430350000,00 4573800000,00 5717250000,00 6860700000,00 8004150000,00 9147600000,00 10291050000,00 11434500000,00 1143450000,00 2286900000,00 3430350000,00 4573800000,00 5717250000,00 6860700000,00 8004150000,00 9147600000,00 10291050000,00 11434500000,00 1143450000,00 2286900000,00 3430350000,00 4573800000,00 5717250000,00
    1143450000,00 2286900000,00 3430350000,00 4573800000,00 5717250000,00 6860700000,00 8004150000,00 9147600000,00 10291050000,00 11434500000,00 1143450000,00 2286900000,00 3430350000,00 4573800000,00 5717250000,00 6860700000,00 8004150000,00 9147600000,00 10291050000,00 11434500000,00 1143450000,00 2286900000,00 3430350000,00 4573800000,00 5717250000,00
    1143450000,00 2286900000,00 3430350000,00 4573800000,00 5717250000,00 6860700000,00 8004150000,00 9147600000,00 10291050000,00 11434500000,00 1143450000,00 2286900000,00 3430350000,00 4573800000,00 5717250000,00 6860700000,00 8004150000,00 9147600000,00 10291050000,00 11434500000,00 1143450000,00 2286900000,00 3430350000,00 4573800000,00 5717250000,00
    1143450000,00 2286900000,00 3430350000,00 4573800000,00 5717250000,00 6860700000,00 8004150000,00 9147600000,00 10291050000,00 11434500000,00 1143450000,00 2286900000,00 3430350000,00 4573800000,00 5717250000,00 6860700000,00 8004150000,00 9147600000,00 10291050000,00 11434500000,00 1143450000,00 2286900000,00 3430350000,00 4573800000,00 5717250000,00
    1143450000,00 2286900000,00 3430350000,00 4573800000,00 5717250000,00 6860700000,00 8004150000,00 9147600000,00 10291050000,00 11434500000,00 1143450000,00 2286900000,00 3430350000,00 4573800000,00 5717250000,00 6860700000,00 8004150000,00 9147600000,00 10291050000,00 11434500000,00 1143450000,00 2286900000,00 3430350000,00 4573800000,00 5717250000,00
    1143450000,00 2286900000,00 3430350000,00 4573800000,00 5717250000,00 6860700000,00 8004150000,00 9147600000,00 10291050000,00 11434500000,00 1143450000,00 2286900000,00 3430350000,00 4573800000,00 5717250000,00 6860700000,00 8004150000,00 9147600000,00 10291050000,00 11434500000,00 1143450000,00 2286900000,00 3430350000,00 4573800000,00 5717250000,00
    1143450000,00 2286900000,00 3430350000,00 4573800000,00 5717250000,00 6860700000,00 8004150000,00 9147600000,00 10291050000,00 11434500000,00 1143450000,00 2286900000,00 3430350000,00 4573800000,00 5717250000,00 6860700000,00 8004150000,00 9147600000,00 10291050000,00 11434500000,00 1143450000,00 2286900000,00 3430350000,00 4573800000,00 5717250000,00
    1143450000,00 2286900000,00 3430350000,00 4573800000,00 5717250000,00 6860700000,00 8004150000,00 9147600000,00 10291050000,00 11434500000,00 1143450000,00 2286900000,00 3430350000,00 4573800000,00 5717250000,00 6860700000,00 8004150000,00 9147600000,00 10291050000,00 11434500000,00 1143450000,00 2286900000,00 3430350000,00 4573800000,00 5717250000,00
    1143450000,00 2286900000,00 3430350000,00 4573800000,00 5717250000,00 6860700000,00 8004150000,00 9147600000,00 10291050000,00 11434500000,00 1143450000,00 2286900000,00 3430350000,00 4573800000,00 5717250000,00 6860700000,00 8004150000,00 9147600000,00 10291050000,00 11434500000,00 1143450000,00 2286900000,00 3430350000,00 4573800000,00 5717250000,00
