6
1 1
0.9551669350586993
1 5
1.74615099286925 2.550653833606354 0.42547336477031994 0.8466748099708377 0.0
5 1
0.0
1.6678955233249708
3.8613725763814664
3.877284649579169
1.623848303693275
1 1
0.3056781333091241
1 7
1.5420154291900245 1.1731892563489261 0.47872244215604476 0.5050129587503099 0.0 5.761512483890453 1.8765364413236905
7 6
1.419440395623186 0.9233951166692339 0.0 4.7855394697352835 5.509513541399957 2.6664802005878125
1.8077515030309277 0.7467233420213495 0.29525848155255974 0.0 2.019712913491592 1.0075836381238303
0.3195595193118227 1.3291300954258976 0.8597056631021269 0.209634927291239 0.6246449931219813 5.072309797213467
2.4955363310108942 0.0 3.670495606021033 3.1196075640905296 1.2144909010972293 0.8123701795136116
1.3325907775011925 1.1718851530071863 4.009578270962258 0.4552451001327068 0.685745762236212 0.0
2.5517775149136015 1.3362727376595647 0.0 0.0 0.958093360903761 0.08722812276382541
6.600247266138567 0.7273442738702385 3.397923106921251 2.1799851092563354 2.499930345291818 0.6985902293686215
